# Date of fit: 10-Aug-2014 19:44:32
# Who did the fit: Byeongdu
# Computer name: LEELATITUDE
# fit parameter ============= 
r0 626.22300000 1 325.00000000 975.00000000
sig0 51.17920000 1 0.00000000 80.00000000
I0 0.00000000 1 0.00000000 0.00000000
r1 100.00000000 0 NaN NaN
sig1 10.00000000 0 NaN NaN
I1 0.00000000 0 NaN NaN
D 100.00000000 0 NaN NaN
vf 0.00000000 0 NaN NaN
powI 0.00000000 1 0.00000000 0.00000000
PorodExp -4.00000000 0 NaN NaN
poly1 -0.00097779 1 -0.01781250 0.00750000
poly2 0.00000000 1 0.00000000 0.00000000
poly3 0.00000000 0 NaN NaN
poly4 0.00000000 0 NaN NaN
# data ====================== 
0.00153361 666.13435589 594.36191000
0.00159346 618.64053990 567.69894000
0.00165332 578.99018959 540.71362000
0.00171318 545.57294317 515.30618000
0.00177304 517.17109217 495.53320000
0.00183290 492.86561097 478.30795000
0.00189276 471.82676520 459.82293000
0.00195262 453.53567840 444.53464000
0.00201248 437.49499588 431.10816000
0.00207233 423.25311372 418.19197000
0.00213219 410.62029006 407.89238000
0.00219205 399.23464527 398.92352000
0.00225191 388.92832479 390.50929000
0.00231177 379.59462293 380.79675000
0.00237163 370.94556778 371.74937000
0.00243149 362.99442162 364.88962000
0.00249134 355.61509575 357.29054000
0.00255120 348.66340029 350.29971000
0.00261106 342.15680459 344.77969000
0.00267092 335.98133847 337.49166000
0.00273078 330.09742275 331.38458000
0.00279064 324.48940734 326.12564000
0.00285050 319.08476010 320.95877000
0.00291036 313.87864663 315.06260000
0.00297021 308.83998160 309.90276000
0.00303007 303.94241990 304.16736000
0.00308993 299.17308400 299.63609000
0.00314979 294.51179328 295.35049000
0.00320965 289.94620180 290.88604000
0.00326951 285.46778100 285.34205000
0.00332937 281.05949965 280.80784000
0.00338922 276.71556349 275.67312000
0.00344908 272.43273669 271.89250000
0.00350894 268.20302273 267.69057000
0.00356880 264.01573427 263.06633000
0.00362866 259.87158022 258.94636000
0.00368852 255.76737156 254.88764000
0.00374838 251.69608694 250.51666000
0.00380824 247.65700462 246.05731000
0.00386809 243.64946780 242.42431000
0.00392795 239.66737244 238.65061000
0.00398781 235.71503654 234.09417000
0.00404767 231.78668461 230.71242000
0.00410753 227.88151573 226.84687000
0.00416739 224.00475996 223.07657000
0.00422725 220.14534454 219.40005000
0.00428710 216.31524840 215.02158000
0.00434696 212.50511503 211.37452000
0.00440682 208.71796295 208.12109000
0.00446668 204.95774727 204.66429000
0.00452654 201.21085834 200.59300000
0.00458640 197.50387328 196.31899000
0.00464626 193.81023902 192.52052000
0.00470612 190.14123701 189.19646000
0.00476597 186.50734667 185.63197000
0.00482583 182.88400495 182.07254000
0.00488569 179.30162580 178.82170000
0.00494555 175.74115383 175.10806000
0.00500541 172.20256070 171.49303000
0.00506527 168.70452273 168.25871000
0.00512513 165.22590559 165.07991000
0.00518498 161.78190003 161.57489000
0.00524484 158.36924168 158.03243000
0.00530470 154.98461710 154.96789000
0.00536456 151.63428503 151.76981000
0.00542442 148.31550077 148.23347000
0.00548428 145.02841425 144.79629000
0.00554414 141.78053030 141.82772000
0.00560399 138.56717963 139.24238000
0.00566385 135.38605141 136.14510000
0.00572371 132.23784685 132.69389000
0.00578357 129.13257366 129.82895000
0.00584343 126.06457367 126.37242000
0.00590329 123.03100519 123.80599000
0.00596315 120.03487063 120.70490000
0.00602301 117.08294407 117.40836000
0.00608286 114.16637035 114.74728000
0.00614272 111.28994960 111.73230000
0.00620258 108.45746643 108.74518000
0.00626244 105.65532181 106.00041000
0.00632230 102.90793527 103.42827000
0.00638216 100.19507552 100.78886000
0.00644202 97.51364993 97.97604300
0.00650187 94.90169342 95.69791400
0.00656173 92.30086367 92.99943700
0.00662159 89.76005777 90.27758900
0.00668145 87.27051046 87.85060400
0.00674131 84.78173162 85.25218400
0.00680117 82.39324216 82.71755800
0.00686103 80.01773458 80.35586000
0.00692089 77.66963200 77.97552800
0.00698074 75.40729552 75.58018100
0.00704060 73.14831410 73.60882600
0.00710046 70.95194312 71.35288800
0.00716032 68.80416072 69.12717200
0.00722018 66.67670679 66.86298700
0.00728004 64.61690903 64.81309500
0.00733990 62.58731554 62.75218200
0.00739975 60.60177142 60.58437600
0.00745961 58.66465140 58.70415400
0.00751947 56.76385069 57.04090700
0.00757933 54.90748998 55.13158300
0.00763919 53.09282691 53.14365000
0.00769905 51.31718955 51.43307800
0.00775891 49.58994020 49.57965000
0.00781876 47.90432826 47.90117200
0.00787862 46.25493462 46.45427400
0.00793848 44.64174601 44.79406300
0.00799834 43.07968556 42.94501100
0.00805820 41.55548026 41.58561900
0.00811806 40.06611284 40.13990300
0.00817792 38.61637826 38.69014800
0.00823778 37.21081093 37.21874300
0.00829763 35.83966724 35.94794900
0.00835749 34.50809742 34.51635300
0.00841735 33.21448052 33.16163000
0.00847721 31.95160568 31.98069900
0.00853707 30.73638404 30.88437500
0.00859693 29.54927456 29.61626900
0.00865679 28.39345125 28.51831300
0.00871664 27.29190136 27.35578800
0.00877650 26.19959046 26.26133500
0.00883636 25.15785161 25.16409100
0.00889622 24.15448637 24.24927500
0.00895608 23.15177700 23.30959500
0.00901594 22.22505328 22.22997000
0.00907580 21.30861423 21.29810200
0.00913565 20.40731591 20.57207500
0.00919551 19.57327728 19.64023200
0.00925537 18.74006245 18.79372800
0.00931523 17.94383124 18.05180900
0.00937509 17.18767687 17.40374700
0.00943495 16.43989285 16.61957300
0.00949481 15.73545327 15.90153700
0.00955467 15.05419134 15.23130200
0.00961452 14.39449544 14.48704100
0.00967438 13.76721266 13.88879300
0.00973424 13.16149800 13.27149900
0.00979410 12.58007530 12.70812700
0.00985396 12.02422721 12.08689800
0.00991382 11.48896943 11.55689800
0.00997368 10.97991290 11.04446700
0.01003353 10.49429170 10.68256500
0.01009339 10.02733606 10.20925800
0.01015325 9.57875499 9.72777880
0.01021311 9.15723872 9.27198120
0.01027297 8.75354323 8.92121680
0.01033283 8.36643243 8.54972080
0.01039269 7.99908526 8.19551980
0.01045255 7.65224408 7.70236390
0.01051240 7.32101660 7.37972920
0.01057226 7.00813053 7.14503090
0.01063212 6.71086183 6.86547220
0.01069198 6.42814097 6.54033450
0.01075184 6.16493012 6.24192390
0.01081170 5.91228795 6.01737290
0.01087156 5.67502595 5.79039240
0.01093141 5.45699306 5.55670740
0.01099127 5.24251450 5.29292690
0.01105113 5.04963671 5.12980530
0.01111099 4.86854268 4.97441150
0.01117085 4.68843844 4.87330650
0.01123071 4.53607136 4.74273290
0.01129057 4.38673537 4.50311330
0.01135042 4.24142031 4.31053450
0.01141028 4.12048848 4.24363340
0.01147014 3.99958941 4.15136390
0.01153000 3.88742959 4.05213030
0.01158986 3.79139912 3.91345720
0.01164972 3.69622802 3.81905070
0.01170958 3.61227872 3.71717440
0.01176943 3.53796638 3.66651470
0.01182929 3.46700460 3.57859550
0.01188915 3.40539445 3.50435580
0.01194901 3.35034892 3.47466180
0.01200887 3.30009478 3.39732190
0.01206873 3.25706540 3.37565810
0.01212859 3.21880240 3.30951980
0.01218844 3.18564256 3.31205460
0.01224830 3.15853119 3.30283130
0.01230816 3.13529781 3.26637120
0.01236802 3.11555730 3.22644240
0.01242788 3.10130996 3.22312230
0.01248774 3.09031243 3.17939510
0.01254760 3.08210644 3.20982160
0.01260746 3.07785348 3.22127340
0.01266731 3.07664588 3.18546500
0.01272717 3.07766946 3.16574290
0.01278703 3.08171069 3.18745900
0.01284689 3.08742482 3.21323210
0.01290675 3.09568911 3.19698490
0.01296661 3.10604814 3.16966270
0.01302646 3.11684993 3.17746310
0.01308632 3.13072058 3.19887250
0.01314618 3.14510941 3.23638330
0.01320604 3.15976538 3.29472320
0.01326590 3.17748030 3.31440020
0.01332576 3.19431219 3.27582160
0.01338562 3.21164838 3.31807250
0.01344548 3.23092277 3.30896710
0.01350533 3.24956741 3.34769650
0.01356519 3.26827236 3.36546320
0.01362505 3.28774708 3.35057370
0.01368491 3.30722217 3.36221500
0.01374477 3.32545224 3.42671960
0.01380463 3.34475306 3.43624550
0.01386449 3.36375123 3.42648400
0.01392434 3.38085826 3.43016160
0.01398420 3.39911344 3.47136260
0.01404406 3.41622666 3.47485910
0.01410392 3.43203211 3.51644980
0.01416378 3.44817330 3.54336620
0.01422364 3.46290661 3.53657680
0.01428350 3.47678623 3.52212540
0.01434336 3.49026605 3.58599290
0.01440321 3.50219217 3.60387520
0.01446307 3.51328174 3.60762460
0.01452293 3.52357594 3.62394340
0.01458279 3.53264880 3.60830780
0.01464265 3.54049040 3.59142810
0.01470251 3.54725053 3.60602320
0.01476237 3.55293629 3.61797740
0.01482222 3.55765337 3.60469470
0.01488208 3.56068078 3.60485310
0.01494194 3.56271550 3.57332530
0.01500180 3.56353871 3.57925560
0.01506166 3.56302178 3.59432680
0.01512152 3.56157180 3.60437810
0.01518138 3.55847705 3.61623620
0.01524123 3.55432386 3.61065370
0.01530109 3.54926350 3.59812170
0.01536095 3.54204682 3.58967840
0.01542081 3.53461239 3.55211950
0.01548067 3.52545450 3.52298970
0.01554053 3.51472964 3.54213380
0.01560039 3.50401442 3.52492890
0.01566024 3.49065448 3.49662530
0.01572010 3.47678793 3.49658200
0.01577996 3.46246192 3.42561180
0.01583982 3.44553518 3.42247970
0.01589968 3.42860884 3.43594010
0.01595954 3.41045339 3.36037280
0.01601939 3.39058143 3.32035390
0.01607925 3.37070983 3.31173390
0.01613911 3.34906269 3.31195950
0.01619897 3.32640012 3.26936580
0.01625883 3.30349492 3.24554270
0.01631869 3.27892720 3.26055090
0.01637855 3.25369035 3.25308060
0.01643841 3.22788184 3.18320410
0.01649826 3.20079232 3.14556650
0.01655812 3.17319476 3.13792810
0.01661798 3.14483667 3.10680620
0.01667784 3.11545034 3.09003640
0.01673770 3.08556871 3.03047970
0.01679756 3.05507684 2.98428050
0.01685742 3.02375749 2.93063190
0.01691727 2.99187526 2.92621230
0.01697713 2.95952475 2.88542640
0.01703699 2.92657683 2.85842170
0.01709685 2.89300220 2.82537760
0.01715671 2.85909702 2.75903560
0.01721657 2.82466226 2.72169260
0.01727643 2.78987187 2.73042360
0.01733628 2.75467392 2.68735960
0.01739614 2.71900693 2.62164230
0.01745600 2.68332389 2.59249280
0.01751586 2.64705033 2.57969230
0.01757572 2.61057160 2.50623160
0.01763558 2.57418395 2.49234240
0.01769543 2.53702357 2.46793370
0.01775529 2.50015500 2.45865930
0.01781515 2.46316839 2.37658250
0.01787501 2.42566714 2.35143870
0.01793487 2.38845268 2.29322510
0.01799473 2.35104624 2.28465830
0.01805459 2.31361573 2.23733820
0.01811445 2.27619242 2.21137440
0.01817430 2.23894961 2.15292910
0.01823416 2.20151192 2.11983220
0.01829402 2.16415183 2.09408940
0.01835388 2.12727768 2.06311000
0.01841374 2.09002822 2.00241250
0.01847360 2.05321097 1.96246260
0.01853346 2.01666648 1.91447980
0.01859331 1.97992367 1.89765420
0.01865317 1.94378898 1.85275770
0.01871303 1.90774813 1.82560630
0.01877289 1.87180276 1.80001490
0.01883275 1.83639351 1.73224450
0.01889261 1.80112227 1.68658670
0.01895247 1.76613695 1.67371070
0.01901232 1.73157323 1.62269710
0.01907218 1.69731912 1.61038980
0.01913204 1.66340087 1.57443480
0.01919190 1.62984935 1.52751580
0.01925176 1.59662976 1.49363000
0.01931162 1.56393712 1.46927160
0.01937147 1.53162422 1.45659900
0.01943133 1.49967015 1.41267280
0.01949119 1.46821641 1.37517090
0.01955105 1.43713468 1.33671970
0.01961091 1.40656934 1.29242080
0.01967077 1.37650179 1.28517580
0.01973063 1.34667894 1.23871020
0.01979049 1.31771745 1.19680130
0.01985034 1.28898252 1.16706930
0.01991020 1.26070411 1.15155310
0.01997006 1.23326514 1.11791910
0.02002992 1.20584683 1.10776110
0.02008978 1.17934184 1.08390700
0.02014964 1.15328830 1.04132520
0.02020950 1.12732599 1.01251110
0.02026935 1.10260806 1.01092300
0.02032921 1.07791232 0.96293140
0.02038907 1.05383450 0.95260770
0.02044893 1.03052935 0.95550750
0.02050879 1.00723402 0.92336365
0.02056865 0.98505012 0.89849427
0.02062850 0.96316056 0.87467921
0.02068836 0.94155224 0.86029191
0.02074822 0.92097447 0.84906399
0.02080808 0.90054555 0.82759834
0.02086794 0.88071461 0.80771360
0.02092780 0.86160530 0.79197962
0.02098766 0.84274112 0.75030256
0.02104751 0.82454006 0.72429543
0.02110737 0.80692380 0.72298208
0.02116723 0.78968877 0.69484740
0.02122709 0.77302794 0.66458688
0.02128695 0.75689479 0.65717645
0.02134681 0.74124076 0.64683138
0.02140666 0.72603985 0.63483116
0.02146652 0.71130643 0.62691598
0.02152638 0.69718446 0.61152231
0.02158624 0.68345868 0.59514857
0.02164610 0.67017869 0.57134912
0.02170596 0.65740611 0.57345187
0.02176582 0.64505820 0.54847036
0.02182567 0.63321844 0.54134547
0.02188553 0.62172949 0.54097499
0.02194539 0.61066314 0.51953901
0.02200525 0.60022780 0.51453715
0.02206511 0.58991223 0.50722189
0.02212497 0.58025151 0.50766618
0.02218483 0.57097871 0.49260694
0.02224469 0.56180914 0.48710944
0.02230454 0.55345074 0.48564729
0.02236440 0.54523015 0.46014663
0.02242426 0.53720927 0.45540018
0.02248412 0.52999204 0.45145042
0.02254398 0.52277011 0.43736730
0.02260384 0.51593333 0.42528434
0.02266369 0.50965102 0.42486078
0.02272355 0.50336537 0.42648837
0.02278341 0.49759716 0.42431959
0.02284327 0.49219265 0.42070887
0.02290313 0.48678773 0.40731027
0.02296299 0.48196861 0.41702250
0.02302285 0.47736203 0.41950929
0.02308270 0.47282315 0.40283450
0.02314256 0.46880194 0.39228879
0.02320242 0.46489734 0.38666999
0.02326228 0.46116645 0.39482280
0.02332214 0.45784039 0.40098566
0.02338200 0.45461145 0.39022086
0.02344186 0.45159484 0.39612754
0.02350171 0.44882700 0.38053971
0.02356157 0.44624228 0.38584998
0.02362143 0.44382078 0.38214428
0.02368129 0.44155776 0.37627816
0.02374115 0.43951010 0.37886443
0.02380101 0.43758586 0.38676245
0.02386086 0.43580714 0.40052884
0.02392072 0.43418520 0.38791095
0.02398058 0.43269314 0.37398200
0.02404044 0.43132896 0.37852642
0.02410030 0.43002564 0.38452002
0.02416016 0.42892625 0.38064899
0.02422002 0.42787893 0.37646901
0.02427987 0.42684471 0.37599017
0.02433973 0.42608300 0.39267295
0.02439959 0.42523940 0.36907530
0.02445945 0.42448444 0.36757058
0.02451931 0.42392088 0.38408473
0.02457917 0.42325302 0.40331146
0.02463902 0.42272936 0.38744829
0.02469888 0.42225350 0.37700255
0.02475874 0.42175281 0.38398180
0.02481860 0.42133003 0.37691334
0.02487846 0.42094946 0.37619541
0.02493832 0.42056903 0.37812764
0.02499818 0.42015882 0.38089201
0.02505803 0.41985380 0.38307331
0.02511789 0.41949506 0.38572427
0.02517775 0.41909815 0.38595752
0.02523761 0.41882493 0.39798272
0.02529747 0.41840222 0.38677291
0.02535733 0.41801944 0.38471497
0.02541718 0.41769471 0.40330969
0.02547704 0.41721552 0.40363703
0.02553690 0.41680220 0.39059321
0.02559676 0.41636698 0.39627706
0.02565662 0.41582768 0.40160168
0.02571648 0.41530451 0.38870772
0.02577634 0.41474520 0.39569789
0.02583619 0.41413500 0.39794519
0.02589605 0.41348525 0.40793907
0.02595591 0.41277854 0.39627904
0.02601577 0.41203157 0.39024899
0.02607563 0.41123764 0.39236693
0.02613549 0.41038823 0.39697282
0.02619534 0.40949188 0.38864729
0.02625520 0.40851636 0.38399674
0.02631506 0.40750526 0.39371834
0.02637492 0.40647434 0.40683835
0.02643478 0.40528678 0.39225205
0.02649464 0.40412027 0.39765267
0.02655450 0.40288340 0.39276505
0.02661435 0.40151368 0.39362176
0.02667421 0.40019301 0.40118057
0.02673407 0.39872673 0.39814003
0.02679393 0.39719979 0.39540755
0.02685379 0.39570425 0.40115759
0.02691365 0.39401457 0.40785049
0.02697350 0.39233086 0.39878662
0.02703336 0.39059401 0.38944156
0.02709322 0.38874802 0.40105958
0.02715308 0.38690207 0.38796108
0.02721294 0.38493876 0.39901363
0.02727280 0.38292947 0.38555933
0.02733266 0.38092546 0.38775093
0.02739251 0.37874526 0.38438421
0.02745237 0.37657817 0.40170594
0.02751223 0.37438932 0.38184352
0.02757209 0.37203846 0.38129284
0.02763195 0.36973054 0.37330815
0.02769181 0.36734804 0.36142629
0.02775166 0.36485121 0.37007580
0.02781152 0.36239432 0.37266766
0.02787138 0.35983829 0.37806138
0.02793124 0.35722502 0.37937221
0.02799110 0.35459900 0.37330458
0.02805096 0.35190761 0.36337773
0.02811082 0.34918920 0.36648688
0.02817067 0.34642303 0.36165575
0.02823053 0.34361582 0.34849506
0.02829039 0.34077602 0.35323015
0.02835025 0.33789814 0.36803555
0.02841011 0.33499028 0.35617308
0.02846997 0.33204264 0.34593574
0.02852982 0.32909898 0.35073380
0.02858968 0.32608745 0.34183915
0.02864954 0.32304780 0.32852256
0.02870940 0.32005218 0.32942975
0.02876926 0.31694447 0.33152416
0.02882912 0.31386653 0.33460235
0.02888898 0.31079389 0.32639843
0.02894883 0.30763093 0.32749878
0.02900869 0.30453062 0.31193999
0.02906855 0.30138809 0.31241245
0.02912841 0.29822276 0.31095364
0.02918827 0.29508448 0.31445223
0.02924813 0.29190733 0.30614132
0.02930798 0.28874384 0.30319664
0.02936784 0.28558039 0.30291927
0.02942770 0.28241735 0.30251391
0.02948756 0.27924207 0.28669689
0.02954742 0.27608687 0.29222318
0.02960728 0.27294047 0.28539992
0.02966713 0.26976683 0.27700430
0.02972699 0.26666730 0.27749159
0.02978685 0.26352493 0.28072382
0.02984671 0.26038540 0.28616166
0.02990657 0.25732978 0.28011394
0.02996643 0.25421618 0.27084457
0.03002628 0.25114058 0.25580189
0.03008614 0.24812403 0.25277602
0.03014600 0.24507502 0.26182223
0.03020586 0.24207315 0.25110995
0.03026572 0.23909447 0.25088844
0.03032558 0.23612619 0.23802053
0.03038543 0.23320542 0.24241724
0.03044529 0.23029790 0.23804093
0.03050515 0.22741181 0.24340522
0.03056501 0.22457026 0.23316631
0.03062487 0.22174858 0.22262517
0.03068473 0.21896755 0.21814730
0.03074459 0.21621815 0.21362615
0.03080444 0.21346949 0.21370487
0.03086430 0.21080466 0.20378448
0.03092416 0.20815340 0.20669079
0.03098402 0.20551091 0.19956999
0.03104388 0.20296382 0.20163009
0.03110374 0.20039662 0.20505396
0.03116359 0.19788603 0.19795709
0.03122345 0.19544274 0.18983996
0.03128331 0.19297075 0.18924199
0.03134317 0.19060922 0.19539245
0.03140303 0.18825964 0.17974553
0.03146289 0.18592581 0.18184494
0.03152274 0.18367678 0.17711355
0.03158260 0.18142749 0.17782278
0.03164246 0.17924626 0.17562025
0.03170232 0.17710110 0.16576013
0.03176218 0.17495767 0.17673760
0.03182204 0.17292689 0.17559365
0.03188189 0.17088864 0.16808325
0.03194175 0.16888686 0.16972662
0.03200161 0.16697210 0.15505230
0.03206147 0.16503981 0.14979877
0.03212133 0.16318382 0.15166291
0.03218119 0.16137872 0.15297291
0.03224104 0.15956334 0.16311856
0.03230090 0.15784364 0.16414074
0.03236076 0.15614542 0.14423335
0.03242062 0.15446891 0.13975685
0.03248048 0.15285765 0.14259082
0.03254034 0.15126624 0.14364842
0.03260019 0.14972181 0.13610620
0.03266005 0.14821985 0.13470118
0.03271991 0.14674326 0.13705142
0.03277977 0.14531308 0.14133964
0.03283963 0.14391918 0.13877951
0.03289949 0.14256568 0.12902816
0.03295935 0.14122925 0.12531154
0.03301920 0.13994262 0.12615031
0.03307906 0.13870758 0.12537524
0.03313892 0.13746291 0.13429093
0.03319878 0.13628899 0.13147130
0.03325864 0.13514656 0.12378423
0.03331849 0.13400079 0.12513897
0.03337835 0.13293604 0.11830726
0.03343821 0.13186973 0.12274221
0.03349807 0.13082344 0.12272634
0.03355793 0.12984815 0.11902250
0.03361779 0.12886353 0.10768291
0.03367764 0.12792152 0.11696776
0.03373750 0.12701579 0.11592114
0.03379736 0.12610978 0.12375834
0.03385722 0.12525496 0.11547350
0.03391708 0.12442218 0.11372544
0.03397694 0.12358681 0.10993016
0.03403680 0.12281238 0.10713934
0.03409665 0.12204813 0.10518724
0.03415651 0.12127450 0.11218605
0.03421637 0.12057461 0.10615770
0.03427623 0.11987018 0.10434943
0.03433609 0.11916389 0.10235334
0.03439594 0.11852148 0.10924752
0.03445580 0.11786507 0.10533752
0.03451566 0.11722473 0.11053132
0.03457552 0.11662903 0.11038794
0.03463538 0.11602024 0.11079658
0.03469524 0.11543781 0.09549677
0.03475509 0.11487745 0.10020472
0.03481495 0.11431445 0.09484942
0.03487481 0.11377856 0.09646078
0.03493467 0.11325338 0.10533105
0.03499453 0.11272882 0.10717819
0.03505439 0.11223008 0.10763010
0.03511424 0.11173592 0.10886372
0.03517410 0.11124022 0.10028791
0.03523396 0.11078022 0.09546088
0.03529382 0.11030907 0.09596634
0.03535368 0.10983975 0.10252192
0.03541354 0.10940806 0.10689260
0.03547339 0.10895066 0.10521927
0.03553325 0.10851385 0.10292890
0.03559311 0.10809506 0.10724375
0.03565297 0.10765144 0.11012041
0.03571283 0.10724302 0.10503166
0.03577269 0.10682555 0.09980862
0.03583254 0.10640103 0.10172994
0.03589240 0.10600493 0.10445132
0.03595226 0.10559401 0.10230522
0.03601212 0.10518379 0.10525156
0.03607198 0.10478749 0.10669436
0.03613184 0.10438729 0.10457922
0.03619169 0.10398726 0.10516879
0.03625155 0.10358773 0.10616518
0.03631141 0.10319416 0.10015727
0.03637127 0.10279046 0.10247007
0.03643113 0.10239462 0.10141096
0.03649098 0.10200617 0.08890780
0.03655084 0.10159598 0.09709079
0.03661070 0.10119967 0.09684192
0.03667056 0.10081273 0.09294046
0.03673042 0.10039411 0.09365049
0.03679028 0.09999678 0.09401978
0.03685013 0.09959670 0.09443516
0.03690999 0.09917979 0.09680367
0.03696985 0.09877864 0.09147068
0.03702971 0.09836447 0.10209785
0.03708957 0.09794672 0.10490329
0.03714943 0.09753715 0.10311469
0.03720928 0.09711229 0.09572616
0.03726914 0.09669110 0.09443008
0.03732900 0.09626462 0.09020957
0.03738886 0.09583648 0.09748582
0.03744872 0.09540950 0.09506735
0.03750858 0.09496546 0.10366728
0.03756843 0.09453418 0.10171659
0.03762829 0.09409556 0.10014426
0.03768815 0.09364016 0.10152018
0.03774801 0.09320361 0.09898931
0.03780787 0.09274636 0.10409770
0.03786772 0.09228835 0.09731761
0.03792758 0.09184237 0.09825822
0.03798744 0.09137195 0.09703213
0.03804730 0.09090821 0.09374714
0.03810716 0.09044574 0.09513174
0.03816702 0.08997188 0.09515126
0.03822687 0.08950003 0.10291523
0.03828673 0.08902397 0.08456695
0.03834659 0.08854429 0.09027504
0.03840645 0.08806462 0.10193986
0.03846631 0.08757801 0.09953953
0.03852617 0.08709090 0.10254147
0.03858602 0.08660604 0.08981283
0.03864588 0.08610829 0.09670465
0.03870574 0.08561452 0.09660063
0.03876560 0.08512328 0.09375345
0.03882546 0.08461743 0.09934742
0.03888531 0.08412463 0.09430979
0.03894517 0.08362187 0.08776613
0.03900503 0.08311060 0.08259327
0.03906489 0.08261556 0.09100308
0.03912475 0.08210529 0.09214570
0.03918461 0.08159574 0.09354482
0.03924446 0.08109430 0.08542282
0.03930432 0.08057895 0.08738186
0.03936418 0.08006998 0.09277236
0.03942404 0.07956463 0.09529113
0.03948390 0.07904992 0.09801362
0.03954376 0.07853845 0.08506840
0.03960361 0.07803360 0.08278342
0.03966347 0.07751689 0.09250633
0.03972333 0.07700555 0.08182874
0.03978319 0.07650283 0.07753997
0.03984305 0.07598467 0.08141633
0.03990290 0.07547834 0.08414587
0.03996276 0.07497473 0.08487328
0.04002262 0.07445957 0.08697434
0.04008248 0.07396072 0.07800334
0.04014234 0.07345373 0.08158224
0.04020220 0.07294842 0.07552583
0.04026205 0.07245262 0.07924349
0.04032191 0.07194708 0.07646692
0.04038177 0.07145205 0.07763389
0.04044163 0.07095858 0.08190469
0.04050149 0.07046198 0.08639244
0.04056134 0.06997217 0.08130046
0.04062120 0.06948235 0.07349031
0.04068106 0.06899708 0.07288126
0.04074092 0.06851265 0.07336759
0.04080078 0.06803360 0.08030037
0.04086063 0.06755504 0.07228626
0.04092049 0.06707650 0.07712050
0.04098035 0.06661072 0.08517701
0.04104021 0.06613907 0.08527209
0.04110007 0.06566872 0.07396257
0.04115993 0.06521580 0.07595104
0.04121978 0.06475123 0.06912451
0.04127964 0.06429703 0.06709552
0.04133950 0.06385105 0.06136232
0.04139936 0.06339679 0.07140437
0.04145922 0.06295782 0.07563148
0.04151908 0.06251876 0.07379732
0.04157893 0.06207611 0.06829593
0.04163879 0.06165145 0.07539648
0.04169865 0.06122194 0.07590997
0.04175851 0.06079691 0.07312101
0.04181837 0.06038091 0.06942946
0.04187822 0.05996117 0.06324489
0.04193808 0.05955378 0.07336449
0.04199794 0.05914695 0.07950462
0.04205780 0.05873913 0.07113237
0.04211766 0.05834835 0.07067728
0.04217751 0.05795053 0.06613339
0.04223737 0.05756113 0.06431369
0.04229723 0.05718039 0.06131137
0.04235709 0.05679285 0.06235228
0.04241695 0.05642158 0.06459015
0.04247680 0.05605040 0.06447299
0.04253666 0.05567817 0.06325420
0.04259652 0.05531964 0.06880736
0.04265638 0.05495954 0.06314531
0.04271624 0.05460506 0.05857581
0.04277610 0.05425646 0.05554389
0.04283595 0.05390778 0.05993401
0.04289581 0.05356918 0.06255863
0.04295567 0.05323195 0.05852352
0.04301553 0.05289726 0.06338866
0.04307539 0.05257152 0.05686046
0.04313525 0.05224568 0.06278141
0.04319510 0.05192557 0.05831986
0.04325496 0.05161147 0.06087643
0.04331482 0.05129446 0.05438648
0.04337468 0.05099062 0.06312363
0.04343454 0.05068833 0.05191290
0.04349439 0.05038264 0.04944611
0.04355425 0.05009154 0.05089042
0.04361411 0.04979792 0.05237502
0.04367397 0.04950611 0.06231607
0.04373383 0.04922723 0.06057394
0.04379368 0.04894152 0.05474422
0.04385354 0.04866304 0.05384067
0.04391340 0.04839276 0.05049597
0.04397326 0.04812079 0.05000968
0.04403312 0.04785212 0.04889666
0.04409297 0.04759015 0.04520982
0.04415283 0.04733077 0.04304003
0.04421269 0.04707000 0.04461032
0.04427255 0.04681860 0.04291072
0.04433241 0.04656903 0.04528493
0.04439227 0.04631696 0.04627814
0.04445212 0.04607631 0.04684084
0.04451198 0.04583191 0.04268099
0.04457184 0.04559158 0.04722480
0.04463170 0.04535886 0.03978998
0.04469156 0.04512114 0.04421759
0.04475141 0.04489160 0.04815300
0.04481127 0.04466373 0.05585232
0.04487113 0.04443439 0.05039095
0.04493099 0.04421329 0.05372884
0.04499085 0.04399170 0.05725038
0.04505070 0.04376975 0.04687464
0.04511056 0.04355543 0.04446743
0.04517042 0.04334043 0.04282287
0.04523028 0.04312587 0.04835442
0.04529014 0.04291701 0.04539293
0.04534999 0.04270813 0.04945972
0.04540985 0.04249920 0.04295934
0.04546971 0.04229625 0.04091142
0.04552957 0.04209312 0.04662454
0.04558943 0.04188892 0.04624532
0.04564928 0.04169196 0.04521886
0.04570914 0.04149152 0.05124755
0.04576900 0.04129349 0.04321208
0.04582886 0.04110175 0.04467098
0.04588872 0.04090320 0.05224567
0.04594857 0.04071206 0.04620702
0.04600843 0.04052434 0.04690486
0.04606829 0.04032775 0.04176962
0.04612815 0.04014227 0.04662951
0.04618801 0.03995547 0.04391822
0.04624786 0.03976426 0.04298224
0.04630772 0.03958328 0.04166963
0.04636758 0.03939708 0.04352508
0.04642744 0.03921154 0.04943466
0.04648730 0.03903374 0.04458938
0.04654716 0.03884744 0.03795909
0.04660701 0.03866746 0.03781455
0.04666687 0.03848929 0.03961348
0.04672673 0.03830656 0.04102631
0.04678659 0.03813132 0.04277513
0.04684645 0.03795202 0.03824311
0.04690630 0.03777321 0.04559235
0.04696616 0.03760032 0.03823029
0.04702602 0.03742225 0.03593759
0.04708588 0.03724607 0.03610050
0.04714574 0.03707282 0.04344647
0.04720559 0.03689834 0.04049673
0.04726545 0.03672428 0.03758218
0.04732531 0.03655202 0.03872764
0.04738517 0.03637937 0.04559899
0.04744503 0.03620688 0.03272715
0.04750488 0.03603582 0.03844336
0.04756474 0.03586477 0.03458247
0.04762460 0.03569316 0.02990974
0.04768446 0.03552370 0.02836273
0.04774432 0.03535526 0.03343417
0.04780417 0.03518334 0.03289021
0.04786403 0.03501520 0.02970314
0.04792389 0.03484857 0.04165045
0.04798375 0.03467728 0.03641149
0.04804361 0.03451157 0.04679374
0.04810346 0.03434467 0.04676723
0.04816332 0.03417445 0.04591493
0.04822318 0.03401199 0.04265922
0.04828304 0.03384427 0.04098116
0.04834289 0.03367665 0.03746670
0.04840275 0.03351363 0.03916309
0.04846261 0.03334704 0.03376551
0.04852247 0.03318271 0.03080343
0.04858233 0.03301834 0.03487516
0.04864218 0.03285503 0.03091877
0.04870204 0.03269161 0.04027193
0.04876190 0.03252667 0.03989280
0.04882176 0.03236657 0.04687637
0.04888162 0.03220251 0.03718255
0.04894147 0.03204103 0.03534329
0.04900133 0.03188106 0.03838341
0.04906119 0.03171742 0.03641815
0.04912105 0.03155910 0.04079868
0.04918091 0.03139896 0.04015393
0.04924076 0.03123862 0.04353280
0.04930062 0.03108090 0.03974637
0.04936048 0.03092104 0.03325671
0.04942034 0.03076352 0.04104761
0.04948020 0.03060672 0.03546726
0.04954005 0.03044917 0.03343058
0.04959991 0.03029285 0.03859194
0.04965977 0.03013673 0.03899139
0.04971963 0.02998183 0.04425019
0.04977949 0.02982693 0.04594389
0.04983934 0.02967292 0.03650545
0.04989920 0.02951950 0.04102379
0.04995906 0.02936625 0.04209415
0.05001892 0.02921441 0.02988824
0.05007878 0.02906245 0.03710378
0.05013863 0.02891242 0.03723634
0.05019849 0.02876162 0.03416648
0.05025835 0.02861116 0.04431442
0.05031821 0.02846499 0.03825494
0.05037807 0.02831468 0.03769056
0.05043792 0.02816620 0.03797886
0.05049778 0.02802367 0.03846105
0.05055764 0.02787428 0.03370873
0.05061750 0.02772916 0.04048713
0.05067736 0.02758772 0.03969154
0.05073721 0.02744049 0.03318165
0.05079707 0.02729900 0.03512812
0.05085693 0.02715847 0.03572163
0.05091679 0.02701316 0.03749060
0.05097665 0.02687586 0.03541689
0.05103650 0.02673621 0.02967985
0.05109636 0.02659520 0.03601744
0.05115622 0.02645989 0.03609054
0.05121608 0.02632090 0.02953505
0.05127593 0.02618478 0.03628158
0.05133579 0.02605099 0.03458492
0.05139565 0.02591352 0.03051303
0.05145551 0.02578148 0.02970540
0.05151537 0.02564943 0.03321051
0.05157522 0.02551621 0.03581766
0.05163508 0.02538564 0.03168451
0.05169494 0.02525530 0.03148729
0.05175480 0.02512592 0.03370564
0.05181466 0.02499758 0.03025794
0.05187451 0.02486946 0.03243491
0.05193437 0.02474342 0.03580014
0.05199423 0.02461738 0.03402719
0.05205409 0.02449255 0.03713242
0.05211394 0.02436885 0.03670761
0.05217380 0.02424493 0.03304914
0.05223366 0.02412374 0.03094154
0.05229352 0.02400228 0.03109513
0.05235338 0.02388097 0.02836732
0.05241323 0.02376296 0.02461378
0.05247309 0.02364341 0.02857123
0.05253295 0.02352602 0.03000603
0.05259281 0.02341029 0.03106906
0.05265267 0.02329162 0.03035003
0.05271252 0.02317883 0.03191578
0.05277238 0.02306499 0.02690982
0.05283224 0.02294963 0.03157462
0.05289210 0.02283939 0.03026711
0.05295195 0.02272676 0.02229347
0.05301181 0.02261605 0.02375244
0.05307167 0.02250699 0.03112985
0.05313153 0.02239638 0.02422189
0.05319139 0.02229007 0.02675260
0.05325124 0.02218165 0.02868352
0.05331110 0.02207548 0.03364763
0.05337096 0.02197055 0.03312949
0.05343082 0.02186432 0.03874774
0.05349068 0.02176195 0.03460721
0.05355053 0.02165785 0.02820542
0.05361039 0.02155466 0.02465521
0.05367025 0.02145446 0.02551620
0.05373011 0.02135256 0.02622779
0.05378996 0.02125317 0.03504621
0.05384982 0.02115390 0.02622166
0.05390968 0.02105442 0.01855342
0.05396954 0.02095744 0.02804124
0.05402940 0.02086029 0.02717196
0.05408925 0.02076354 0.02009869
0.05414911 0.02066836 0.02505603
0.05420897 0.02057321 0.02243318
0.05426883 0.02047884 0.02058991
0.05432868 0.02038563 0.02482875
0.05438854 0.02029248 0.02237441
0.05444840 0.02020038 0.02062971
0.05450826 0.02010900 0.01932449
0.05456812 0.02001734 0.01771385
0.05462797 0.01992790 0.02249685
0.05468783 0.01983841 0.02189994
0.05474769 0.01974789 0.02970705
0.05480755 0.01966119 0.02516377
0.05486740 0.01957308 0.02309083
0.05492726 0.01948384 0.03023045
0.05498712 0.01939992 0.03867284
0.05504698 0.01931294 0.02451966
0.05510684 0.01922602 0.01966523
0.05516669 0.01914348 0.02602037
0.05522655 0.01905775 0.02884788
0.05528641 0.01897308 0.02209597
0.05534627 0.01889208 0.02167837
0.05540612 0.01880737 0.01807602
0.05546598 0.01872488 0.02101559
0.05552584 0.01864485 0.02558312
0.05558570 0.01856144 0.02975284
0.05564555 0.01848148 0.02692191
0.05570541 0.01840169 0.01899213
0.05576527 0.01831999 0.01900093
0.05582513 0.01824249 0.02116139
0.05588499 0.01816280 0.02552701
0.05594484 0.01808288 0.02584634
0.05600470 0.01800618 0.02712512
0.05606456 0.01792814 0.02368505
0.05612442 0.01785022 0.02351454
0.05618427 0.01777397 0.02087013
0.05624413 0.01769734 0.02163401
0.05630399 0.01762123 0.02176728
0.05636385 0.01754561 0.01579962
0.05642371 0.01747013 0.02205770
0.05648356 0.01739508 0.02182052
0.05654342 0.01732069 0.02440441
0.05660328 0.01724629 0.02924403
0.05666314 0.01717237 0.02884634
0.05672299 0.01709901 0.02519927
0.05678285 0.01702587 0.02294321
0.05684271 0.01695280 0.02525024
0.05690257 0.01688043 0.01971933
0.05696243 0.01680768 0.01977756
0.05702228 0.01673616 0.02207062
0.05708214 0.01666571 0.01566615
0.05714200 0.01659261 0.02068645
0.05720186 0.01652242 0.02787530
0.05726171 0.01645299 0.02405165
0.05732157 0.01638072 0.01707848
0.05738143 0.01631224 0.01714695
0.05744129 0.01624233 0.01741494
0.05750114 0.01617171 0.02312898
0.05756100 0.01610467 0.02006702
0.05762086 0.01603423 0.01918236
0.05768072 0.01596603 0.01591837
0.05774058 0.01589853 0.01472427
0.05780043 0.01582912 0.01871612
0.05786029 0.01576270 0.02515536
0.05792015 0.01569460 0.02394686
0.05798001 0.01562720 0.01861447
0.05803986 0.01556150 0.01904976
0.05809972 0.01549368 0.01955597
0.05815958 0.01542751 0.01963460
0.05821944 0.01536169 0.01809057
0.05827930 0.01529562 0.01621732
0.05833915 0.01523022 0.02335603
0.05839901 0.01516483 0.01287000
0.05845887 0.01509974 0.02374851
0.05851873 0.01503502 0.02796023
0.05857858 0.01497047 0.03505066
0.05863844 0.01490609 0.02169518
0.05869830 0.01484202 0.02088557
0.05875816 0.01477835 0.01674252
0.05881801 0.01471468 0.01987155
0.05887787 0.01465144 0.01928615
0.05893773 0.01458846 0.01993726
0.05899759 0.01452580 0.02031570
0.05905744 0.01446304 0.01479745
0.05911730 0.01440066 0.02580386
0.05917716 0.01433916 0.01760280
0.05923702 0.01427680 0.01427289
0.05929687 0.01421556 0.01586348
0.05935673 0.01415475 0.01447068
0.05941659 0.01409259 0.01386776
0.05947645 0.01403265 0.01972316
0.05953630 0.01397233 0.01747799
0.05959616 0.01391105 0.02641335
0.05965602 0.01385200 0.02136714
0.05971588 0.01379213 0.01347683
0.05977574 0.01373161 0.01682110
0.05983559 0.01367348 0.01501882
0.05989545 0.01361442 0.01784326
0.05995531 0.01355460 0.01667154
0.06001517 0.01349737 0.01024405
0.06007502 0.01343879 0.01426039
0.06013488 0.01338008 0.01787549
0.06019474 0.01332365 0.02155870
0.06025460 0.01326514 0.01853211
0.06031445 0.01320795 0.01358851
0.06037431 0.01315207 0.01264487
0.06043417 0.01309437 0.02088654
0.06049403 0.01303807 0.01423379
0.06055389 0.01298226 0.01963571
0.06061374 0.01292603 0.02307599
0.06067360 0.01287040 0.01841374
0.06073346 0.01281472 0.01023687
0.06079332 0.01275988 0.01482257
0.06085317 0.01270493 0.01460226
0.06091303 0.01265026 0.02185310
0.06097289 0.01259601 0.01845097
0.06103274 0.01254175 0.01009517
0.06109260 0.01248799 0.01800746
0.06115246 0.01243443 0.02011172
0.06121232 0.01238089 0.02648753
0.06127218 0.01232803 0.02495443
0.06133203 0.01227519 0.01894263
0.06139189 0.01222305 0.01167126
0.06145175 0.01217035 0.01036230
0.06151161 0.01211793 0.01816107
0.06157146 0.01206725 0.01948234
0.06163132 0.01201509 0.01554586
0.06169118 0.01196331 0.02422180
0.06175104 0.01191363 0.02026893
0.06181089 0.01186168 0.02309485
0.06187075 0.01181166 0.01928708
0.06193061 0.01176240 0.01752369
0.06199047 0.01171051 0.01292813
0.06205032 0.01166242 0.01582790
0.06211018 0.01161287 0.01507983
0.06217004 0.01156243 0.02089970
0.06222990 0.01151541 0.02366946
0.06228975 0.01146563 0.01593300
0.06234961 0.01141721 0.02001957
0.06240947 0.01137006 0.01744575
0.06246933 0.01132087 0.01391048
0.06252918 0.01127411 0.02250200
0.06258904 0.01122702 0.02107581
0.06264890 0.01117923 0.01958285
0.06270876 0.01113272 0.02057283
0.06276861 0.01108610 0.02239481
0.06282847 0.01103983 0.01954028
0.06288833 0.01099370 0.02119074
0.06294819 0.01094750 0.01993090
0.06300804 0.01090230 0.01347360
0.06306790 0.01085689 0.00824889
0.06312776 0.01081176 0.01159688
0.06318762 0.01076702 0.00997446
0.06324747 0.01072228 0.00877050
0.06330733 0.01067799 0.01003767
0.06336719 0.01063392 0.01095830
0.06342705 0.01058977 0.01409733
0.06348690 0.01054637 0.01608366
0.06354676 0.01050298 0.02104041
0.06360662 0.01045969 0.01288147
0.06366648 0.01041689 0.01962516
0.06372633 0.01037399 0.02021278
0.06378619 0.01033162 0.01683273
0.06384605 0.01028961 0.01248579
0.06390591 0.01024709 0.01248521
0.06396576 0.01020561 0.01593037
0.06402562 0.01016414 0.01719325
0.06408548 0.01012243 0.01660727
0.06414534 0.01008169 0.01777250
0.06420519 0.01004066 0.02225883
0.06426505 0.00999980 0.01565741
0.06432491 0.00995949 0.01659746
0.06438477 0.00991932 0.01912416
0.06444462 0.00987905 0.01757784
0.06450448 0.00983924 0.01847050
0.06456434 0.00979994 0.01335164
0.06462420 0.00975997 0.01801115
0.06468405 0.00972102 0.01584435
0.06474391 0.00968226 0.01549991
0.06480377 0.00964282 0.01404186
0.06486363 0.00960463 0.01450950
0.06492348 0.00956627 0.00830020
0.06498334 0.00952769 0.00808663
0.06504320 0.00948990 0.01077331
0.06510306 0.00945206 0.00845448
0.06516291 0.00941434 0.01027374
0.06522277 0.00937690 0.01189915
0.06528263 0.00933954 0.00842745
0.06534249 0.00930242 0.00983609
0.06540234 0.00926557 0.01131431
0.06546220 0.00922871 0.01475726
0.06552206 0.00919219 0.01615322
0.06558192 0.00915582 0.01163917
0.06564177 0.00911952 0.01091051
0.06570163 0.00908351 0.01544858
0.06576149 0.00904762 0.01692308
0.06582134 0.00901154 0.01564970
0.06588120 0.00897633 0.01688747
0.06594106 0.00894105 0.02186326
0.06600092 0.00890531 0.02116475
0.06606077 0.00887063 0.01338962
0.06612063 0.00883597 0.01291430
0.06618049 0.00880053 0.02003691
0.06624035 0.00876656 0.01230282
0.06630020 0.00873180 0.00526429
0.06636006 0.00869704 0.01201524
0.06641992 0.00866405 0.02547332
0.06647978 0.00862892 0.01996545
0.06653963 0.00859522 0.01104301
0.06659949 0.00856253 0.02203315
0.06665935 0.00852733 0.01764719
0.06671921 0.00849484 0.01307973
0.06677906 0.00846178 0.01664498
0.06683892 0.00842744 0.01372605
0.06689878 0.00839564 0.01823725
0.06695864 0.00836226 0.01749757
0.06701849 0.00832899 0.01539265
0.06707835 0.00829718 0.01341975
0.06713821 0.00826440 0.01201544
0.06719806 0.00823182 0.01384351
0.06725792 0.00819966 0.00951578
0.06731778 0.00816763 0.00563333
0.06737764 0.00813577 0.01069630
0.06743749 0.00810377 0.01842975
0.06749735 0.00807198 0.01241830
0.06755721 0.00804035 0.01042978
0.06761707 0.00800891 0.01307195
0.06767692 0.00797746 0.01084176
0.06773678 0.00794625 0.01314568
0.06779664 0.00791514 0.01855044
0.06785650 0.00788412 0.01851768
0.06791635 0.00785320 0.01308023
0.06797621 0.00782243 0.01336302
0.06803607 0.00779156 0.01459419
0.06809592 0.00776121 0.01441441
0.06815578 0.00773084 0.01551496
0.06821564 0.00770029 0.01233394
0.06827550 0.00767023 0.01425376
0.06833535 0.00764042 0.01551658
0.06839521 0.00761005 0.01637230
0.06845507 0.00758039 0.01407569
0.06851493 0.00755068 0.01347869
0.06857478 0.00752076 0.01689074
0.06863464 0.00749170 0.01160638
0.06869450 0.00746198 0.00750482
0.06875435 0.00743265 0.01523339
0.06881421 0.00740386 0.01407084
0.06887407 0.00737433 0.01088032
0.06893393 0.00734562 0.01136778
0.06899378 0.00731682 0.01430941
0.06905364 0.00728787 0.01041617
0.06911350 0.00725950 0.01274843
0.06917336 0.00723086 0.00886206
0.06923321 0.00720249 0.01047075
0.06929307 0.00717429 0.01096585
0.06935293 0.00714604 0.01441073
0.06941278 0.00711804 0.01215741
0.06947264 0.00709010 0.01021578
0.06953250 0.00706224 0.00864003
0.06959236 0.00703455 0.00761933
0.06965221 0.00700699 0.01902497
0.06971207 0.00697946 0.01483909
0.06977193 0.00695210 0.01388014
0.06983178 0.00692489 0.01530911
0.06989164 0.00689769 0.01463607
0.06995150 0.00687070 0.01628310
0.07001136 0.00684380 0.01624406
0.07007121 0.00681691 0.01358153
0.07013107 0.00679031 0.00920831
0.07019093 0.00676373 0.00979051
0.07025079 0.00673730 0.01234332
0.07031064 0.00671093 0.01349016
0.07037050 0.00668465 0.01493222
0.07043036 0.00665865 0.01843641
0.07049021 0.00663258 0.01287983
0.07055007 0.00660648 0.01227568
0.07060993 0.00658101 0.01419187
0.07066979 0.00655518 0.00963983
0.07072964 0.00652969 0.00734446
0.07078950 0.00650444 0.00636559
0.07084936 0.00647861 0.00803936
0.07090921 0.00645396 0.00472087
0.07096907 0.00642878 0.01482522
0.07102893 0.00640315 0.01346666
0.07108879 0.00637931 0.02035859
0.07114864 0.00635394 0.01288391
0.07120850 0.00632913 0.01107385
0.07126836 0.00630547 0.01944399
0.07132822 0.00628010 0.01342095
0.07138807 0.00625614 0.01526133
0.07144793 0.00623231 0.01757001
0.07150779 0.00620755 0.01343076
0.07156764 0.00618392 0.01498668
0.07162750 0.00616015 0.01095092
0.07168736 0.00613625 0.00885114
0.07174722 0.00611259 0.00890859
0.07180707 0.00608893 0.01705948
0.07186693 0.00606565 0.00839054
0.07192679 0.00604226 0.00213312
0.07198664 0.00601904 0.01515663
0.07204650 0.00599598 0.01438372
0.07210636 0.00597291 0.01047184
0.07216622 0.00595002 0.00969305
0.07222607 0.00592723 0.01045516
0.07228593 0.00590444 0.01098429
0.07234579 0.00588190 0.01202109
0.07240564 0.00585937 0.01730101
0.07246550 0.00583702 0.01492206
0.07252536 0.00581465 0.01709612
0.07258521 0.00579239 0.01831420
0.07264507 0.00577038 0.02216784
0.07270493 0.00574826 0.01550739
0.07276479 0.00572607 0.01374992
0.07282464 0.00570457 0.01512212
0.07288450 0.00568267 0.01298055
0.07294436 0.00566102 0.02181944
0.07300421 0.00563959 0.01714222
0.07306407 0.00561771 0.01398741
0.07312393 0.00559674 0.01148557
0.07318379 0.00557534 0.01552656
0.07324364 0.00555364 0.01049778
0.07330350 0.00553321 0.01415605
0.07336336 0.00551174 0.01696891
0.07342322 0.00549062 0.00811567
0.07348307 0.00547029 0.01359808
0.07354293 0.00544891 0.01471396
0.07360279 0.00542828 0.01218195
0.07366264 0.00540789 0.00598723
0.07372250 0.00538692 0.01877869
0.07378236 0.00536655 0.00655024
0.07384221 0.00534621 0.00444805
0.07390207 0.00532572 0.01129052
0.07396193 0.00530545 0.01286065
0.07402179 0.00528523 0.01449100
0.07408164 0.00526508 0.01127730
0.07414150 0.00524499 0.00682550
0.07420136 0.00522497 0.01286002
0.07426121 0.00520506 0.01388740
0.07432107 0.00518514 0.01413786
0.07438093 0.00516536 0.01482898
0.07444078 0.00514564 0.01067950
0.07450064 0.00512591 0.01229181
0.07456050 0.00510635 0.01383454
0.07462036 0.00508680 0.00654915
0.07468021 0.00506728 0.00726187
0.07474007 0.00504790 0.00852709
0.07479993 0.00502852 0.00603859
0.07485978 0.00500922 0.01386268
0.07491964 0.00499002 0.01039685
0.07497950 0.00497091 0.01250355
0.07503936 0.00495171 0.01005652
0.07509921 0.00493266 0.00692756
0.07515907 0.00491375 0.02025626
0.07521893 0.00489473 0.01448776
0.07527878 0.00487603 0.01665812
0.07533864 0.00485709 0.01340573
0.07539850 0.00483830 0.00977998
0.07545835 0.00481995 0.01192170
0.07551821 0.00480089 0.00694741
0.07557807 0.00478260 0.00791401
0.07563792 0.00476418 0.01196562
0.07569778 0.00474527 0.01026169
0.07575764 0.00472747 0.01444212
0.07581750 0.00470891 0.01506058
0.07587735 0.00469050 0.01051922
0.07593721 0.00467275 0.01111933
0.07599707 0.00465427 0.00745714
0.07605692 0.00463626 0.01401405
0.07611678 0.00461838 0.01365596
0.07617664 0.00460033 0.01551214
0.07623650 0.00458259 0.01451272
0.07629635 0.00456468 0.01131941
0.07635621 0.00454690 0.00856612
0.07641607 0.00452933 0.00653971
0.07647592 0.00451166 0.01570861
0.07653578 0.00449405 0.01514561
0.07659564 0.00447662 0.01260343
0.07665549 0.00445921 0.01360511
0.07671535 0.00444180 0.00678669
0.07677521 0.00442457 0.00817190
0.07683506 0.00440735 0.00707211
0.07689492 0.00439014 0.00339768
0.07695478 0.00437313 0.00579351
0.07701463 0.00435610 0.00555913
0.07707449 0.00433911 0.00627067
0.07713435 0.00432230 0.01079726
0.07719421 0.00430561 0.00940539
0.07725406 0.00428871 0.00996652
0.07731392 0.00427208 0.00355533
0.07737378 0.00425550 0.01282530
0.07743363 0.00423894 0.01081865
0.07749349 0.00422270 0.00704599
0.07755335 0.00420600 0.00862146
0.07761321 0.00418980 0.00533699
0.07767306 0.00417395 0.00847612
0.07773292 0.00415715 0.00640949
0.07779277 0.00414149 0.00602238
0.07785263 0.00412558 0.01406738
0.07791249 0.00410903 0.01316720
0.07797235 0.00409382 0.00941420
0.07803220 0.00407788 0.00774096
0.07809206 0.00406185 0.01142425
0.07815192 0.00404671 0.01021693
0.07821177 0.00403089 0.00833774
0.07827163 0.00401532 0.00895459
0.07833149 0.00400012 0.00799898
0.07839134 0.00398466 0.00399666
0.07845120 0.00396942 0.00205294
0.07851106 0.00395425 0.00644178
0.07857092 0.00393908 0.00931698
0.07863077 0.00392410 0.00279182
0.07869063 0.00390912 0.00943890
0.07875048 0.00389416 0.01105301
0.07881034 0.00387938 0.00338603
0.07887020 0.00386465 0.00981631
0.07893006 0.00384989 0.01581476
0.07898991 0.00383535 0.01333202
0.07904977 0.00382082 0.01424159
0.07910963 0.00380632 0.01106411
0.07916948 0.00379196 0.00592229
0.07922934 0.00377762 0.00332595
0.07928920 0.00376336 0.00527433
0.07934905 0.00374919 0.00279758
0.07940891 0.00373503 0.00803955
0.07946877 0.00372102 0.00021850
0.07952862 0.00370705 0.00899811
0.07958848 0.00369304 0.00838441
0.07964834 0.00367928 0.00898709
0.07970819 0.00366544 0.00755518
0.07976805 0.00365166 0.00699600
0.07982791 0.00363815 0.00902089
0.07988776 0.00362437 0.01313217
0.07994762 0.00361090 0.00691020
0.08000748 0.00359747 0.00477759
0.08006734 0.00358396 0.00994246
0.08012719 0.00357072 0.00885911
0.08018705 0.00355727 0.00933963
0.08024691 0.00354414 0.00204614
0.08030676 0.00353094 0.00524015
0.08036662 0.00351764 0.01162000
0.08042648 0.00350483 0.00526582
0.08048633 0.00349164 0.00713343
0.08054619 0.00347867 0.00790950
0.08060605 0.00346586 0.01615395
0.08066590 0.00345284 0.01179505
0.08072576 0.00344015 0.00835738
0.08078562 0.00342739 0.00685919
0.08084547 0.00341454 0.00822660
0.08090533 0.00340198 0.00665848
0.08096519 0.00338938 0.00693743
0.08102504 0.00337678 0.00777827
0.08108490 0.00336426 0.01075094
0.08114476 0.00335178 0.01320627
0.08120461 0.00333935 0.00048544
0.08126447 0.00332696 0.00139237
0.08132433 0.00331459 -0.00012542
0.08138418 0.00330232 0.00526067
0.08144404 0.00329004 0.00665229
0.08150390 0.00327783 0.00530647
0.08156375 0.00326566 0.00551268
0.08162361 0.00325344 0.00475016
0.08168347 0.00324144 0.00560325
0.08174333 0.00322939 0.00410506
0.08180318 0.00321733 0.01042038
0.08186304 0.00320541 0.00544852
0.08192289 0.00319338 0.00720075
0.08198275 0.00318165 0.00859733
0.08204261 0.00316974 0.00408854
0.08210246 0.00315766 0.00442575
0.08216232 0.00314632 0.00722219
0.08222218 0.00313430 0.01055200
0.08228204 0.00312251 0.00974157
0.08234189 0.00311125 0.01428879
0.08240175 0.00309916 0.01095550
0.08246160 0.00308772 0.00673401
0.08252146 0.00307636 0.00535654
0.08258132 0.00306438 0.01371299
0.08264117 0.00305323 0.01105371
0.08270103 0.00304178 0.01223737
0.08276089 0.00303014 0.00767258
0.08282075 0.00301897 0.00471112
0.08288060 0.00300752 0.00884795
0.08294046 0.00299619 0.00967480
0.08300032 0.00298502 0.00783514
0.08306017 0.00297363 0.00686107
0.08312003 0.00296249 0.00386168
0.08317988 0.00295139 0.00413531
0.08323974 0.00294017 0.00774767
0.08329960 0.00292908 0.00689691
0.08335945 0.00291805 0.00676737
0.08341931 0.00290698 0.01305454
0.08347917 0.00289599 0.00656721
0.08353903 0.00288500 -0.00057525
0.08359888 0.00287410 0.00519343
0.08365874 0.00286320 0.00707372
0.08371860 0.00285233 0.01176442
0.08377845 0.00284153 0.00504151
0.08383831 0.00283072 -0.00031561
0.08389816 0.00281995 0.00347460
0.08395802 0.00280925 0.00301258
0.08401788 0.00279862 0.00800667
0.08407773 0.00278789 0.00383010
0.08413759 0.00277730 0.00506229
0.08419745 0.00276684 0.00958438
0.08425730 0.00275612 0.00348077
0.08431716 0.00274569 0.01108769
0.08437702 0.00273534 0.01112679
0.08443687 0.00272470 0.00577277
0.08449673 0.00271441 0.01255370
0.08455659 0.00270407 0.00694041
0.08461644 0.00269364 0.00916461
0.08467630 0.00268337 0.01068198
0.08473616 0.00267316 0.00155695
0.08479601 0.00266289 0.00413934
0.08485587 0.00265261 0.00395273
0.08491573 0.00264259 0.00318478
0.08497558 0.00263235 0.00253783
0.08503544 0.00262223 0.00982949
0.08509530 0.00261228 0.00925955
0.08515515 0.00260209 0.01025897
0.08521501 0.00259214 0.00541188
0.08527487 0.00258225 0.00943839
0.08533472 0.00257221 0.00866055
0.08539458 0.00256231 0.00451735
0.08545443 0.00255241 0.00735855
0.08551429 0.00254257 0.01064043
0.08557415 0.00253275 0.00835255
0.08563400 0.00252296 -0.00044873
0.08569386 0.00251318 0.00109153
0.08575372 0.00250343 0.00388576
0.08581357 0.00249374 0.00775847
0.08587343 0.00248404 0.00296835
0.08593329 0.00247437 0.00731033
0.08599314 0.00246476 0.00754666
0.08605300 0.00245517 0.00996971
0.08611286 0.00244554 0.01267375
0.08617271 0.00243600 0.00895429
0.08623257 0.00242652 0.00308584
0.08629243 0.00241693 0.00383437
0.08635228 0.00240751 0.00656860
0.08641214 0.00239799 0.01293535
0.08647200 0.00238853 0.00970460
0.08653185 0.00237932 0.00804623
0.08659171 0.00236966 0.00621306
0.08665157 0.00236039 0.00645678
